Initial Model:
Transition Probabilities:
[[0.43696804 0.08998181 0.14724012 0.29860974 0.02720029]
 [0.24469817 0.15370839 0.17661672 0.02776127 0.39721544]
 [0.20757518 0.0231175  0.52489231 0.15280895 0.09160606]
 [0.29444056 0.09246965 0.30002023 0.10994969 0.20311987]
 [0.35219653 0.16843976 0.03422315 0.06216502 0.38297553]]
Emission Probabilities:
[[0.30665978 0.36104218 0.33229804]
 [0.79782039 0.07579704 0.12638257]
 [0.00156789 0.53033182 0.46810029]
 [0.46362359 0.06257706 0.47379935]
 [0.12319074 0.80658924 0.07022001]]
Stationary Distribution:
[0.23795882 0.08729275 0.2933496  0.17258849 0.20881033]
Computing alpha and beta
Computing xi
alpha: [[8.59131739e-02 6.61653234e-03 1.55572623e-01 1.08000804e-02
  1.68424174e-01]
 [4.45119105e-02 5.27168205e-03 4.89078574e-02 2.90290434e-02
  6.03277655e-03]
 [1.27461180e-02 7.69629888e-03 6.59645448e-05 1.13487449e-02
  1.97003782e-03]
 [3.52719473e-03 2.96204910e-03 1.05721911e-05 2.50361953e-03
  7.96977780e-04]
 [1.00772502e-03 9.08455055e-04 2.86368072e-06 6.77779084e-04
  2.57128500e-04]
 [3.16799909e-04 4.25106664e-05 2.44571274e-04 1.97612215e-04
  4.38642965e-05]
 [9.07953072e-05 8.38623873e-06 1.13896371e-04 7.46739024e-05
  7.36222228e-06]
 [3.24753019e-05 1.53391397e-06 5.15953616e-05 3.34271681e-06
  2.76028586e-05]
 [1.29909458e-05 7.05612592e-07 1.80748375e-05 1.23325128e-06
  1.40905258e-05]
 [5.38925178e-06 3.17035955e-07 6.56390466e-06 4.80112647e-07
  6.40127519e-06]
 [2.23517031e-06 1.37043472e-07 2.47026787e-06 1.92226182e-07
  2.76084711e-06]
 [9.21364688e-07 5.77654831e-08 9.55706810e-07 7.76888314e-08
  1.15979981e-06]
 [3.47741690e-07 3.99898354e-08 3.32588797e-07 2.38517003e-07
  4.18167438e-08]
 [9.68221272e-08 5.92182232e-08 4.79506379e-10 8.55831459e-08
  1.48164876e-08]
 [3.15246744e-08 2.14014340e-09 2.71267169e-08 2.56316790e-09
  3.97308924e-08]
 [1.06342188e-08 8.55421778e-09 3.35325136e-11 7.58946417e-09
  2.45508547e-09]
 [3.27190430e-09 4.28164643e-10 2.55358823e-09 2.08716244e-09
  4.33398040e-10]
 [1.02237641e-09 5.19404970e-11 1.34638445e-09 1.02347603e-10
  8.73471240e-10]
 [3.88734267e-10 2.18064559e-11 4.91625296e-10 3.61711390e-11
  4.25140617e-10]
 [1.58003957e-10 9.44820090e-12 1.82720908e-10 1.39056145e-11
  1.89094310e-10]
 [6.49788209e-11 4.01956636e-12 6.97308947e-11 5.54740498e-12
  8.06847922e-11]
 [2.66817159e-11 1.68119739e-12 2.72082738e-11 2.24001525e-12
  3.36984433e-11]
 [9.27530275e-12 7.31725878e-12 3.18788134e-14 6.72852919e-12
  2.12462903e-12]
 [2.85097987e-12 3.71580723e-13 2.23105323e-12 1.82392881e-12
  3.75123625e-13]
 [8.20436980e-13 7.54594412e-14 1.03755470e-12 6.75841978e-13
  6.62639906e-14]
 [2.70714359e-13 2.31362493e-14 4.13691650e-13 2.29347737e-13
  2.17675372e-14]
 [1.02905240e-13 4.72619905e-15 1.75350904e-13 1.07173181e-14
  8.82180884e-14]
 [4.21505956e-14 2.26558803e-15 6.05964321e-14 4.02479055e-15
  4.57351001e-14]
 [1.76347330e-14 1.03217720e-15 2.18420964e-14 1.57661652e-15
  2.09151612e-14]
 [7.33736277e-15 4.48652388e-16 8.18428645e-15 6.32389134e-16
  9.05055382e-15]
 [2.78751767e-15 3.16125904e-16 2.78750475e-15 1.93606469e-15
  3.31586744e-16]
 [9.24581355e-16 4.53824801e-17 1.33729212e-15 9.39027938e-17
  7.88026832e-16]
 [3.06014343e-16 2.09431226e-16 1.41302601e-18 2.50825646e-16
  5.99382219e-17]
 [8.59329748e-17 7.42367601e-17 2.51007543e-19 5.96744439e-17
  2.03936103e-17]
 [2.67569039e-17 3.55162693e-18 2.08292747e-17 1.68618750e-17
  3.63597123e-18]
 [8.35091520e-18 4.24973087e-19 1.09690816e-17 8.35488711e-19
  7.14969923e-18]
 [2.69679160e-18 1.87637878e-18 1.18494729e-20 2.18735712e-18
  5.30786031e-19]
 [7.57757980e-19 6.56622846e-19 2.20933540e-21 5.25139541e-19
  1.80762629e-19]
 [2.17892634e-19 1.97995903e-19 6.15305650e-22 1.45492617e-19
  5.63632533e-20]
 [6.33187889e-20 5.82422393e-20 1.77100535e-22 4.17985382e-20
  1.67254013e-20]
 [1.84470065e-20 1.70225143e-20 5.14509724e-23 1.21409200e-20
  4.89914358e-21]
 [6.33161522e-21 4.71871804e-22 5.06986187e-21 4.77358490e-22
  9.36482110e-21]
 [2.26111557e-21 1.89962048e-21 6.49177936e-24 1.53605531e-21
  5.55287799e-22]
 [6.98511719e-22 9.24068888e-23 5.39106684e-22 4.41736056e-22
  9.41876003e-23]
 [2.17701881e-22 1.10839509e-23 2.85263185e-22 2.17738121e-23
  1.86231392e-22]
 [7.02421629e-23 4.88821888e-23 3.08326778e-25 5.69688966e-23
  1.38221084e-23]
 [1.97369354e-23 1.71031418e-23 5.75456651e-26 1.36778715e-23
  4.70843109e-24]
 [5.67537577e-24 5.15716436e-24 1.60265998e-26 3.78957419e-24
  1.46809065e-24]
 [1.64924507e-24 1.51702034e-24 4.61287647e-27 1.08871216e-24
  4.35642617e-25]
 [4.80483690e-25 4.43380554e-25 1.34012773e-27 3.16230794e-25
  1.27606633e-25]
 [1.51787895e-25 2.04932967e-26 1.16557465e-25 9.41405404e-26
  2.12354191e-26]
 [4.00906754e-26 2.53584731e-26 1.82063069e-28 3.49461437e-26
  6.18426890e-27]
 [1.11099611e-26 9.40038625e-27 3.31976727e-29 7.84916293e-27
  2.54347168e-27]
 [3.17968164e-27 2.87184312e-27 9.02396431e-30 2.13485232e-27
  8.13997950e-28]
 [9.99985005e-28 1.34252063e-28 7.71656429e-28 6.23480819e-28
  1.38574114e-28]
 [2.64455050e-28 1.67102951e-28 1.20380373e-30 2.30612994e-28
  4.07671582e-29]
 [7.32787876e-29 6.19911349e-29 2.18983054e-31 5.17783678e-29
  1.67704864e-29]
 [2.09716092e-29 1.89403534e-29 5.95198223e-32 1.40810501e-29
  5.36828334e-30]
 [6.59534183e-30 8.85440461e-31 5.08947037e-30 4.11217866e-30
  9.13938018e-31]
 [1.89002659e-30 1.74586337e-31 2.37042291e-30 1.55438345e-30
  1.53263128e-31]
 [5.74157708e-31 3.36082275e-31 3.17487286e-33 5.15494052e-31
  8.77518405e-32]
 [1.71623492e-31 2.09598239e-32 1.41939732e-31 1.15321720e-31
  2.02036358e-32]
 [5.00630349e-32 4.55139511e-33 6.49559723e-32 4.14363728e-32
  4.01363179e-33]
 [1.53596836e-32 8.94646416e-33 8.59818442e-35 1.38192012e-32
  2.34969676e-33]
 [4.59076719e-33 5.60236934e-34 3.79781103e-33 3.08611164e-33
  5.39722859e-34]
 [1.33922887e-33 1.21741427e-34 1.73791642e-33 1.10850532e-33
  1.07356476e-34]
 [4.45258755e-34 3.79124192e-35 6.86776559e-34 3.77812012e-34
  3.58306749e-35]
 [1.56266924e-34 1.29846280e-35 2.56199315e-34 1.33954653e-34
  1.26780022e-35]
 [5.60083110e-35 4.61320835e-36 9.38082833e-35 4.81802992e-35
  4.56021604e-36]
 [1.86655474e-35 1.04839725e-35 1.14317850e-37 1.70466684e-35
  2.89277921e-36]
 [5.57710547e-36 6.77061186e-37 4.62170027e-36 3.76023130e-36
  6.49742772e-37]
 [1.62761054e-36 1.47854969e-37 2.11442333e-36 1.34759847e-36
  1.30372381e-37]
 [4.99548688e-37 2.90912364e-37 2.79770920e-39 4.49483276e-37
  7.64212803e-38]
 [1.62221552e-37 1.09274011e-38 1.39939483e-37 1.32566366e-38
  2.01619496e-37]
 [5.89897104e-38 6.91290520e-39 5.15593533e-38 3.98557870e-38
  7.12595021e-39]
 [1.60737356e-38 9.93145904e-39 7.70952376e-41 1.41454620e-38
  2.45127038e-39]
 [4.81773979e-39 5.93441492e-40 3.97372371e-39 3.21943698e-39
  5.75888827e-40]
 [1.40429724e-39 1.27809630e-40 1.81883076e-39 1.16180114e-39
  1.12721850e-40]
 [5.06986982e-40 2.38360869e-41 8.14829834e-40 5.22866496e-41
  4.31312661e-40]
 [1.87353605e-40 1.84018514e-41 2.51371925e-40 1.46465117e-40
  1.92202097e-41]
 [5.77881474e-41 3.37306553e-41 3.25101244e-43 5.20035873e-41
  8.93608031e-42]
 [1.59565856e-41 1.33277497e-41 4.76441478e-44 1.13659318e-41
  3.57050849e-42]
 [4.55281871e-42 4.09879801e-42 1.26116862e-44 3.06604104e-42
  1.15887383e-42]
 [1.55404000e-42 1.14906474e-43 1.25135953e-42 1.17709071e-43
  2.27430741e-42]
 [5.98354444e-43 7.28675201e-44 4.76441478e-43 3.85357078e-43
  7.70714155e-44]
 [1.87773994e-43 9.80908925e-45 2.49431127e-43 1.82168800e-44
  1.58346726e-43]
 [6.02558340e-44 4.20389539e-44 0.00000000e+00 4.90454463e-44
  1.12103877e-44]
 [1.82168800e-44 2.80259693e-45 1.40129846e-44 1.26116862e-44
  2.80259693e-45]
 [5.60519386e-45 2.80259693e-45 0.00000000e+00 4.20389539e-45
  1.40129846e-45]
 [1.40129846e-45 0.00000000e+00 1.40129846e-45 0.00000000e+00
  2.80259693e-45]
 [0.00000000e+00 0.00000000e+00 0.00000000e+00 0.00000000e+00
  1.40129846e-45]
 [0.00000000e+00 0.00000000e+00 0.00000000e+00 0.00000000e+00
  0.00000000e+00]
 [0.00000000e+00 0.00000000e+00 0.00000000e+00 0.00000000e+00
  0.00000000e+00]
 [0.00000000e+00 0.00000000e+00 0.00000000e+00 0.00000000e+00
  0.00000000e+00]
 [0.00000000e+00 0.00000000e+00 0.00000000e+00 0.00000000e+00
  0.00000000e+00]
 [0.00000000e+00 0.00000000e+00 0.00000000e+00 0.00000000e+00
  0.00000000e+00]
 [0.00000000e+00 0.00000000e+00 0.00000000e+00 0.00000000e+00
  0.00000000e+00]
 [0.00000000e+00 0.00000000e+00 0.00000000e+00 0.00000000e+00
  0.00000000e+00]
 [0.00000000e+00 0.00000000e+00 0.00000000e+00 0.00000000e+00
  0.00000000e+00]] ::beta: [[0.00000000e+00 0.00000000e+00 0.00000000e+00 0.00000000e+00
  0.00000000e+00]
 [0.00000000e+00 0.00000000e+00 0.00000000e+00 0.00000000e+00
  0.00000000e+00]
 [0.00000000e+00 0.00000000e+00 0.00000000e+00 0.00000000e+00
  0.00000000e+00]
 [0.00000000e+00 0.00000000e+00 0.00000000e+00 0.00000000e+00
  0.00000000e+00]
 [0.00000000e+00 0.00000000e+00 0.00000000e+00 0.00000000e+00
  0.00000000e+00]
 [0.00000000e+00 0.00000000e+00 0.00000000e+00 0.00000000e+00
  0.00000000e+00]
 [0.00000000e+00 1.40129846e-45 1.40129846e-45 1.40129846e-45
  1.40129846e-45]
 [1.40129846e-45 4.20389539e-45 2.80259693e-45 4.20389539e-45
  4.20389539e-45]
 [4.20389539e-45 1.12103877e-44 8.40779079e-45 8.40779079e-45
  9.80908925e-45]
 [1.26116862e-44 2.52233724e-44 2.24207754e-44 2.10194770e-44
  2.24207754e-44]
 [3.64337601e-44 5.60519386e-44 5.32493416e-44 5.18480432e-44
  5.04467447e-44]
 [1.44333742e-43 8.68805048e-44 1.21912966e-43 1.12103877e-43
  9.38869971e-44]
 [4.94658358e-43 4.20389539e-43 2.32615545e-43 3.58732407e-43
  4.98862253e-43]
 [1.07619722e-42 1.86933215e-42 1.28919459e-42 1.51480364e-42
  1.84831267e-42]
 [4.70556024e-42 2.93431898e-42 2.24488014e-42 3.02540338e-42
  3.75688118e-42]
 [1.53246000e-41 9.76985289e-42 1.84817254e-41 1.38602431e-41
  8.21861549e-42]
 [2.60781644e-41 6.36595879e-41 5.06527356e-41 5.10016589e-41
  5.57142256e-41]
 [6.36133451e-41 1.57839456e-40 1.22686483e-40 1.25142959e-40
  1.38867277e-40]
 [1.56537650e-40 3.91012718e-40 2.93286163e-40 3.05977724e-40
  3.47863936e-40]
 [4.04623530e-40 9.52824101e-40 6.82084830e-40 7.40570824e-40
  8.70782280e-40]
 [1.23907715e-39 2.13503936e-39 1.48313710e-39 1.73603083e-39
  2.11163768e-39]
 [5.42192644e-39 3.32131138e-39 2.59478857e-39 3.46389770e-39
  4.27066306e-39]
 [1.78342036e-38 1.07223841e-38 2.13007386e-38 1.60809551e-38
  9.30392536e-39]
 [4.90129922e-38 2.96094337e-38 5.88396986e-38 4.43615613e-38
  2.55903052e-38]
 [1.33922285e-37 8.50031180e-38 1.63144683e-37 1.21714554e-37
  7.09779196e-38]
 [2.34413960e-37 5.25548178e-37 4.50990086e-37 4.37906174e-37
  4.54880539e-37]
 [5.94588427e-37 1.26841546e-36 1.12419876e-36 1.07746426e-36
  1.09575997e-36]
 [1.57175734e-36 2.98157714e-36 2.82151988e-36 2.64400384e-36
  2.57794470e-36]
 [4.60618545e-36 6.45318059e-36 7.12631971e-36 6.41669607e-36
  5.68313027e-36]
 [1.68143834e-35 1.05321725e-35 1.79115378e-35 1.43327931e-35
  9.80803171e-36]
 [3.63811857e-35 6.82371945e-35 4.43434150e-35 5.35109135e-35
  6.73455063e-35]
 [1.55709667e-34 1.15244731e-34 7.48432145e-35 1.09164567e-34
  1.43382485e-34]
 [5.70012318e-34 3.65466291e-34 2.72551934e-34 3.71759915e-34
  4.65807177e-34]
 [1.90549912e-33 1.19489846e-33 2.02623433e-33 1.62301258e-33
  1.11368879e-33]
 [4.09690344e-33 7.83247902e-33 5.00630261e-33 6.09076043e-33
  7.72995755e-33]
 [1.74601936e-32 1.35363170e-32 8.35704117e-33 1.24470687e-32
  1.66292425e-32]
 [5.98389043e-32 4.64567945e-32 2.86362179e-32 4.26810185e-32
  5.70515310e-32]
 [2.04715938e-31 1.59791694e-31 9.79118380e-32 1.46315404e-31
  1.95966205e-31]
 [6.95509209e-31 5.54110734e-31 3.31487644e-31 5.01251527e-31
  6.76564049e-31]
 [2.32333957e-30 1.98059137e-30 1.09048457e-30 1.68936124e-30
  2.34688688e-30]
 [5.02442171e-30 8.83144129e-30 6.03538635e-30 7.11782706e-30
  8.73159536e-30]
 [2.18844262e-29 1.40309910e-29 1.04640679e-29 1.42727975e-29
  1.78833624e-29]
 [7.31573577e-29 4.58740534e-29 7.77966521e-29 6.23133009e-29
  4.27552295e-29]
 [1.57318119e-28 3.00606272e-28 1.92226382e-28 2.33813360e-28
  2.96671188e-28]
 [6.70533695e-28 5.19214439e-28 3.20984898e-28 4.77792452e-28
  6.38043787e-28]
 [2.30148802e-27 1.77859515e-27 1.10197291e-27 1.63871043e-27
  2.18673591e-27]
 [7.91882304e-27 6.07390233e-27 3.79502377e-27 5.62236421e-27
  7.48173863e-27]
 [2.74939319e-26 2.04950947e-26 1.32089844e-26 1.93219754e-26
  2.54446130e-26]
 [9.94659739e-26 6.58718454e-26 4.77865682e-26 6.60595573e-26
  8.35793753e-26]
 [3.47243308e-25 2.05941803e-25 2.95900444e-25 2.69633027e-25
  2.24953499e-25]
 [1.20064926e-24 9.20916714e-25 5.75400716e-25 8.52458773e-25
  1.13437291e-24]
 [4.16865460e-24 3.10740416e-24 2.00276243e-24 2.92958840e-24
  3.85786273e-24]
 [1.50816574e-23 9.98683470e-24 7.24572370e-24 1.00158766e-23
  1.26717338e-23]
 [5.26497948e-23 3.12213160e-23 4.48793350e-23 4.08875474e-23
  3.41002544e-23]
 [1.82129820e-22 1.39269657e-22 8.73165839e-23 1.29162443e-22
  1.71681894e-22]
 [6.34641804e-22 4.67601606e-22 3.05175978e-22 4.44202249e-22
  5.82470911e-22]
 [2.33568017e-21 1.47122736e-21 1.11963652e-21 1.51307328e-21
  1.88278303e-21]
 [7.86306662e-21 4.67929772e-21 8.35981281e-21 6.71180004e-21
  4.46850964e-21]
 [2.43238033e-20 1.43345618e-20 2.10137900e-20 1.90130097e-20
  1.56176320e-20]
 [8.73098895e-20 5.49888410e-20 4.18528639e-20 5.65567231e-20
  7.03729658e-20]
 [2.93913350e-19 1.74895850e-19 3.12616240e-19 2.50920508e-19
  1.66961379e-19]
 [9.08769262e-19 5.35193611e-19 7.86114714e-19 7.10874676e-19
  5.83053247e-19]
 [3.27905562e-18 2.01216316e-18 1.56944235e-18 2.09670929e-18
  2.58654166e-18]
 [1.08019605e-17 6.48925713e-18 1.28097008e-17 9.70641028e-18
  5.66749704e-18]
 [2.99550919e-17 1.79801917e-17 3.52006313e-17 2.67988023e-17
  1.58308522e-17]
 [8.39177974e-17 5.02512090e-17 9.60764061e-17 7.41452077e-17
  4.52494496e-17]
 [2.41771155e-16 1.43878261e-16 2.57035827e-16 2.06369559e-16
  1.37400748e-16]
 [7.47928557e-16 4.40794702e-16 6.46082057e-16 5.84595088e-16
  4.80255134e-16]
 [2.68368202e-15 1.69346270e-15 1.28654998e-15 1.74001235e-15
  2.16647607e-15]
 [9.04428747e-15 5.38376936e-15 9.55067680e-15 7.69797264e-15
  5.16710469e-15]
 [2.81304707e-14 1.67415029e-14 2.38595493e-14 2.18386981e-14
  1.83332607e-14]
 [9.80114698e-14 7.65742450e-14 4.61211947e-14 6.83702091e-14
  9.22132650e-14]
 [2.23821816e-13 3.32380038e-13 3.22384995e-13 3.11041557e-13
  3.05025970e-13]
 [8.67481325e-13 5.10908861e-13 7.50312789e-13 6.78540720e-13
  5.56608524e-13]
 [3.12909247e-12 1.92374870e-12 1.49767037e-12 2.00241061e-12
  2.47184326e-12]
 [1.03074068e-11 6.20912783e-12 1.21766460e-11 9.25361263e-12
  5.44377000e-12]
 [2.87145429e-11 1.78051740e-11 3.33676801e-11 2.54868626e-11
  1.55776433e-11]
 [6.23732593e-11 9.32015992e-11 8.93780397e-11 8.67519945e-11
  8.57776766e-11]
 [2.42682374e-10 1.43987863e-10 2.06607190e-10 1.88372623e-10
  1.57323210e-10]
 [8.37910241e-10 6.48716358e-10 4.01148420e-10 5.97015715e-10
  7.97193700e-10]
 [2.87562107e-09 2.22120633e-09 1.37485123e-09 2.04877448e-09
  2.73417400e-09]
 [1.00492228e-08 7.56799601e-09 4.73208939e-09 6.89005164e-09
  9.17688325e-09]
 [2.32817676e-08 3.25529186e-08 3.60554360e-08 3.24191909e-08
  2.86449247e-08]
 [8.49206145e-08 5.30439586e-08 9.07423612e-08 7.24832532e-08
  4.93372596e-08]
 [1.86794111e-07 3.34108279e-07 2.25481728e-07 2.67361173e-07
  3.30074158e-07]
 [8.09375138e-07 5.39323253e-07 3.88792216e-07 5.39010159e-07
  6.83438600e-07]
 [2.82674773e-06 1.69191094e-06 2.36837627e-06 2.18395985e-06
  1.85885142e-06]
 [9.64554965e-06 8.51987625e-06 4.48355831e-06 7.07662502e-06
  9.97908683e-06]
 [1.66986647e-05 4.09476634e-05 2.84212292e-05 3.13208875e-05
  3.74867304e-05]
 [5.00617571e-05 9.35911667e-05 6.09899616e-05 7.34985078e-05
  9.23692423e-05]
 [2.14418847e-04 1.57412142e-04 1.03125349e-04 1.49902320e-04
  1.96305919e-04]
 [7.94324558e-04 4.91702580e-04 3.79141886e-04 5.09090896e-04
  6.30471739e-04]
 [2.58260081e-03 1.63301639e-03 3.16244527e-03 2.35287962e-03
  1.35874667e-03]
 [4.64229845e-03 9.67400800e-03 8.78303777e-03 8.32100306e-03
  8.31874367e-03]
 [1.23201916e-02 2.25946084e-02 2.22514682e-02 2.04561166e-02
  1.93595216e-02]
 [3.60004082e-02 4.84963246e-02 5.71132600e-02 4.98566963e-02
  4.18644473e-02]
 [1.28596693e-01 7.71680549e-02 1.47762865e-01 1.13874860e-01
  6.92847297e-02]
 [3.68890017e-01 2.24458873e-01 3.96434069e-01 3.16325307e-01
  2.10688233e-01]
 [1.00000000e+00 1.00000000e+00 1.00000000e+00 1.00000000e+00
  1.00000000e+00]] ::gamma:  [[0. 0. 0. 0. 0.]
 [0. 0. 0. 0. 0.]
 [0. 0. 0. 0. 0.]
 [0. 0. 0. 0. 0.]
 [0. 0. 0. 0. 0.]
 [0. 0. 0. 0. 0.]
 [0. 0. 0. 0. 0.]
 [0. 0. 0. 0. 0.]
 [0. 0. 0. 0. 0.]
 [0. 0. 0. 0. 0.]
 [0. 0. 0. 0. 0.]
 [0. 0. 0. 0. 0.]
 [0. 0. 0. 0. 0.]
 [0. 0. 0. 0. 0.]
 [0. 0. 0. 0. 0.]
 [0. 0. 0. 0. 0.]
 [0. 0. 0. 0. 0.]
 [0. 0. 0. 0. 0.]
 [0. 0. 0. 0. 0.]
 [0. 0. 0. 0. 0.]
 [0. 0. 0. 0. 0.]
 [0. 0. 0. 0. 0.]
 [0. 0. 0. 0. 0.]
 [0. 0. 0. 0. 0.]
 [0. 0. 0. 0. 0.]
 [0. 0. 0. 0. 0.]
 [0. 0. 0. 0. 0.]
 [0. 0. 0. 0. 0.]
 [0. 0. 0. 0. 0.]
 [0. 0. 0. 0. 0.]
 [0. 0. 0. 0. 0.]
 [0. 0. 0. 0. 0.]
 [0. 0. 0. 0. 0.]
 [0. 0. 0. 0. 0.]
 [0. 0. 0. 0. 0.]
 [0. 0. 0. 0. 0.]
 [0. 0. 0. 0. 0.]
 [0. 0. 0. 0. 0.]
 [0. 0. 0. 0. 0.]
 [0. 0. 0. 0. 0.]
 [0. 0. 0. 0. 0.]
 [0. 0. 0. 0. 0.]
 [0. 0. 0. 0. 0.]
 [0. 0. 0. 0. 0.]
 [0. 0. 0. 0. 0.]
 [0. 0. 0. 0. 0.]
 [0. 0. 0. 0. 0.]
 [0. 0. 0. 0. 0.]
 [0. 0. 0. 0. 0.]
 [0. 0. 0. 0. 0.]
 [0. 0. 0. 0. 0.]
 [0. 0. 0. 0. 0.]
 [0. 0. 0. 0. 0.]
 [0. 0. 0. 0. 0.]
 [0. 0. 0. 0. 0.]
 [0. 0. 0. 0. 0.]
 [0. 0. 0. 0. 0.]
 [0. 0. 0. 0. 0.]
 [0. 0. 0. 0. 0.]
 [0. 0. 0. 0. 0.]
 [0. 0. 0. 0. 0.]
 [0. 0. 0. 0. 0.]
 [0. 0. 0. 0. 0.]
 [0. 0. 0. 0. 0.]
 [0. 0. 0. 0. 0.]
 [0. 0. 0. 0. 0.]
 [0. 0. 0. 0. 0.]
 [0. 0. 0. 0. 0.]
 [0. 0. 0. 0. 0.]
 [0. 0. 0. 0. 0.]
 [0. 0. 0. 0. 0.]
 [0. 0. 0. 0. 0.]
 [0. 0. 0. 0. 0.]
 [0. 0. 0. 0. 0.]
 [0. 0. 0. 0. 0.]
 [0. 0. 0. 0. 0.]
 [0. 0. 0. 0. 0.]
 [0. 0. 0. 0. 0.]
 [0. 0. 0. 0. 0.]
 [0. 0. 0. 0. 0.]
 [0. 0. 0. 0. 0.]
 [0. 0. 0. 0. 0.]
 [0. 0. 0. 0. 0.]
 [0. 0. 0. 0. 0.]
 [0. 0. 0. 0. 0.]
 [0. 0. 0. 0. 0.]
 [0. 0. 0. 0. 0.]
 [0. 0. 0. 0. 0.]
 [0. 0. 0. 0. 0.]
 [0. 0. 0. 0. 0.]
 [0. 0. 0. 0. 0.]
 [0. 0. 0. 0. 0.]
 [0. 0. 0. 0. 0.]
 [0. 0. 0. 0. 0.]
 [0. 0. 0. 0. 0.]
 [0. 0. 0. 0. 0.]
 [0. 0. 0. 0. 0.]
 [0. 0. 0. 0. 0.]
 [0. 0. 0. 0. 0.]] ::xi:  [[[0. 0. 0. 0. 0.]
  [0. 0. 0. 0. 0.]
  [0. 0. 0. 0. 0.]
  [0. 0. 0. 0. 0.]
  [0. 0. 0. 0. 0.]]

 [[0. 0. 0. 0. 0.]
  [0. 0. 0. 0. 0.]
  [0. 0. 0. 0. 0.]
  [0. 0. 0. 0. 0.]
  [0. 0. 0. 0. 0.]]

 [[0. 0. 0. 0. 0.]
  [0. 0. 0. 0. 0.]
  [0. 0. 0. 0. 0.]
  [0. 0. 0. 0. 0.]
  [0. 0. 0. 0. 0.]]

 ...

 [[0. 0. 0. 0. 0.]
  [0. 0. 0. 0. 0.]
  [0. 0. 0. 0. 0.]
  [0. 0. 0. 0. 0.]
  [0. 0. 0. 0. 0.]]

 [[0. 0. 0. 0. 0.]
  [0. 0. 0. 0. 0.]
  [0. 0. 0. 0. 0.]
  [0. 0. 0. 0. 0.]
  [0. 0. 0. 0. 0.]]

 [[0. 0. 0. 0. 0.]
  [0. 0. 0. 0. 0.]
  [0. 0. 0. 0. 0.]
  [0. 0. 0. 0. 0.]
  [0. 0. 0. 0. 0.]]]
Updating parameters
training done.
Model:
Transition Probabilities:
[[13.57796069  3.00437484  3.37324488  9.71973904  0.66572462]
 [ 2.91278306  2.11753029  1.3488528   0.36725132  2.60585902]
 [ 3.9727967   0.45572167  8.28558948  2.89196274  1.81452231]
 [ 5.43527088  1.90165786  3.91297119  2.21251679  2.53020013]
 [ 4.71998203  2.26701079  0.33412232  0.7886685   4.78368604]]
Emission Probabilities:
[[0. 0. 0.]
 [0. 0. 0.]
 [0. 0. 0.]
 [0. 0. 0.]
 [0. 0. 0.]]
Stationary Distribution:
[0. 0. 0. 0. 0.]
Actual Sequence:
[2, 2, 0, 1, 2, 0, 0, 1, 0, 2, 2, 0, 1, 2, 2, 1, 2, 0, 2, 0, 2, 0, 2, 2, 2, 2, 1, 0, 1, 2, 0, 1, 1, 1, 2, 2, 2, 0, 1, 2, 0, 2, 1, 0, 0, 0, 2, 1, 1, 2, 2, 1, 1, 1, 0, 1, 2, 0, 2, 1, 2, 1, 2, 1, 2, 0, 1, 2, 0, 1, 1, 0, 2, 2, 2, 0, 2, 1, 1, 0, 0, 1, 0, 0, 2, 2, 1, 2, 2, 2, 2, 2, 1, 2, 1, 1, 2, 0, 2]
Predicted Sequence:
[2, 0, 0, 0, 0, 0, 0, 0, 0, 0, 0, 0, 0, 0, 0, 0, 0, 0, 0, 0, 0, 0, 0, 0, 0, 0, 0, 0, 0, 0, 0, 0, 0, 0, 0, 0, 0, 0, 0, 0, 0, 0, 0, 0, 0, 0, 0, 0, 0, 0, 0, 0, 0, 0, 0, 0, 0, 0, 0, 0, 0, 0, 0, 0, 0, 0, 0, 0, 0, 0, 0, 0, 0, 0, 0, 0, 0, 0, 0, 0, 0, 0, 0, 0, 0, 0, 0, 0, 0, 0, 0, 0, 0, 0, 0, 0, 0, 0, 0, 0]