Transition Probabilities:
[[0.04457388 0.11755068 0.22932764 0.26121866 0.33302517]
 [0.20415962 0.28335585 0.25676336 0.0307453  0.22427433]
 [0.19313584 0.2541412  0.03786087 0.21071174 0.2893405 ]
 [0.35106059 0.18441666 0.26677935 0.0738804  0.10649803]
 [0.10054571 0.22891828 0.23127592 0.20814426 0.22428196]]
Emission Probabilities:
[[0.50582352 0.44161005 0.        ]
 [0.08197524 0.02413797 0.        ]
 [0.08761194 0.58881258 0.        ]
 [0.38328937 0.47196204 0.        ]
 [0.44263988 0.2294734  0.        ]]
Stationary Distribution:
[0.4211814  0.07024049 0.00242881 0.1823792  0.32377005]

Transition Probabilities:
[[0.25515341 0.08697375 0.02601058 0.24037802 0.37514967]
 [0.47864229 0.0328083  0.09155107 0.14486576 0.24374795]
 [0.04187062 0.0531798  0.22275453 0.25575291 0.42177933]
 [0.284894   0.23431544 0.27004948 0.17252311 0.01819272]
 [0.25327412 0.04028654 0.1756795  0.07315128 0.45407399]]
Emission Probabilities:
[[0.26313931 0.56545798 0.        ]
 [0.26937125 0.18497154 0.        ]
 [0.75586281 0.1630408  0.        ]
 [0.27349058 0.5649539  0.        ]
 [0.1150007  0.16476941 0.        ]]
Stationary Distribution:
[0.25490865 0.17457385 0.28072694 0.24723426 0.04255632]

Transition Probabilities:
[[0.21382708 0.11382129 0.28193502 0.14314869 0.23440359]
 [0.14075489 0.19426017 0.26719631 0.0990242  0.2922023 ]
 [0.29350659 0.04908782 0.20948966 0.19029744 0.24083189]
 [0.03736032 0.25174552 0.12550645 0.33609175 0.24044227]
 [0.25444915 0.06068735 0.11351401 0.29796863 0.26720526]]
Emission Probabilities:
[[0.25002366 0.40723453 0.        ]
 [0.61811979 0.23638814 0.        ]
 [0.07462618 0.53641189 0.        ]
 [0.35438786 0.30430824 0.        ]
 [0.25611936 0.20783984 0.        ]]
Stationary Distribution:
[0.03535906 0.453642   0.05275125 0.21320178 0.2450459 ]







####################
Transition Probabilities:
[[0.         0.         0.         0.         0.        ]
 [0.         0.         0.         0.         0.        ]
 [0.         0.         0.         0.         0.        ]
 [0.73623845 0.18543312 0.01793013 0.         0.06039833]
 [0.         0.         0.         0.         0.        ]]
Emission Probabilities:
[[0. 1. 0.]
 [0. 1. 0.]
 [0. 1. 0.]
 [1. 0. 0.]
 [0. 1. 0.]]
Stationary Distribution:
[0. 0. 0. 1. 0.]

Transition Probabilities:
[[0.         0.         0.         0.         0.        ]
 [0.         0.         0.         0.         0.        ]
 [0.         0.         0.         0.         0.        ]
 [0.         0.         0.         0.         0.        ]
 [0.01973229 0.65068637 0.17352114 0.1560602  0.        ]]
Emission Probabilities:
[[0. 1. 0.]
 [0. 1. 0.]
 [0. 1. 0.]
 [0. 1. 0.]
 [1. 0. 0.]]
Stationary Distribution:
[0. 0. 0. 0. 1.]

Transition Probabilities:
[[0.         0.         0.21038615 0.         0.12294719]
 [0.         0.         0.25451723 0.         0.07881612]
 [0.         0.         0.         0.         0.        ]
 [0.         0.         0.00980601 0.         0.32352732]
 [0.         0.         0.         0.         0.        ]]
Emission Probabilities:
[[1. 0. 0.]
 [1. 0. 0.]
 [0. 1. 0.]
 [1. 0. 0.]
 [0. 1. 0.]]
Stationary Distribution:
[0.314142   0.5492468  0.         0.13661125 0.        ]